FANN_FLO_2.1
num_layers=3
learning_rate=0.718399
connection_rate=1.000000
network_type=0
learning_momentum=0.000000
training_algorithm=2
train_error_function=1
train_stop_function=0
cascade_output_change_fraction=0.010000
quickprop_decay=-0.000089
quickprop_mu=1.743562
rprop_increase_factor=1.069930
rprop_decrease_factor=0.576840
rprop_delta_min=0.000000
rprop_delta_max=50.000000
rprop_delta_zero=0.100000
cascade_output_stagnation_epochs=12
cascade_candidate_change_fraction=0.011810
cascade_candidate_stagnation_epochs=12
cascade_max_out_epochs=150
cascade_min_out_epochs=50
cascade_max_cand_epochs=150
cascade_min_cand_epochs=50
cascade_num_candidate_groups=2
bit_fail_limit=3.49999999999999977796e-01
cascade_candidate_limit=9.51645148721022678728e+02
cascade_weight_multiplier=4.17148862518881446970e-01
cascade_activation_functions_count=10
cascade_activation_functions=3 5 7 8 10 11 14 15 16 17 
cascade_activation_steepnesses_count=4
cascade_activation_steepnesses=2.50000000000000000000e-01 5.00000000000000000000e-01 7.50000000000000000000e-01 1.00000000000000000000e+00 
layer_sizes=2 3 2 
scale_included=0
neurons (num_inputs, activation_function, activation_steepness)=(0, 0, 0.00000000000000000000e+00) (0, 0, 0.00000000000000000000e+00) (2, 5, 5.00000000000000000000e-01) (2, 5, 5.00000000000000000000e-01) (0, 5, 0.00000000000000000000e+00) (3, 5, 5.00000000000000000000e-01) (0, 5, 0.00000000000000000000e+00) 
connections (connected_to_neuron, weight)=(0, 4.11326929102433305752e-02) (1, 3.33653187935376405182e-01) (0, 1.66289962994103124316e+00) (1, 1.18865248528177858134e+00) (2, 4.48112546091103791657e-01) (3, -1.15450346439925827235e-01) (4, 3.58794855510020493927e-01) 
